1000
55
206
979
920
617
829
992
234
909
439
947
561
761
953
44
510
839
393
300
957
264
806
348
879
242
133
900
204
515
240
334
546
423
375
967
273
278
976
502
895
439
870
327
463
763
748
977
437
913
644
142
262
491
4
198
304
529
779
961
585
80
79
629
475
886
871
323
451
92
334
63
733
234
293
433
632
599
329
87
564
14
294
528
486
424
989
462
960
25
272
431
167
670
607
796
369
118
58
771
944
150
81
8
334
206
131
502
331
517
890
983
829
13
234
424
562
615
989
232
153
697
987
237
325
258
540
935
741
32
38
655
835
321
2
609
256
289
998
631
643
478
846
489
803
283
546
662
345
528
640
747
106
230
853
773
813
392
655
854
271
188
418
166
23
852
457
888
880
469
40
17
368
26
695
512
397
527
237
652
863
648
617
104
941
736
564
765
937
128
565
373
509
729
996
669
166
684
563
52
276
569
273
833
959
785
39
346
381
935
797
202
100
122
339
166
906
469
247
839
402
158
145
572
186
975
308
902
240
781
524
352
642
781
62
795
562
809
695
127
427
945
721
125
847
325
187
802
556
478
344
872
743
970
570
808
959
785
69
703
168
321
737
446
776
324
301
752
393
521
61
460
317
123
182
753
653
252
418
290
671
954
346
292
293
629
476
721
586
606
171
994
546
903
58
598
227
982
41
569
500
701
783
160
166
677
996
859
990
429
136
890
101
958
853
74
792
55
306
999
766
348
615
646
657
753
867
497
389
544
785
773
516
201
358
123
575
5
86
347
394
415
472
473
145
349
793
836
439
268
771
149
788
278
682
69
217
422
268
156
156
585
877
590
357
41
152
143
140
116
681
697
73
712
531
852
114
342
609
189
882
591
4
395
579
746
357
381
948
529
697
959
505
252
511
304
93
166
747
696
549
38
221
419
422
967
659
372
728
175
396
932
703
514
425
684
490
628
10
487
403
721
347
998
330
943
660
570
879
175
600
782
597
554
986
817
652
773
718
446
590
587
646
906
879
435
720
71
977
365
64
309
447
515
506
779
25
496
178
341
40
485
967
797
286
334
376
144
901
64
245
303
505
3
559
907
665
562
849
251
643
448
326
422
356
403
22
157
799
318
1000
531
638
518
978
65
783
6
478
103
510
203
216
799
560
46
972
814
653
745
441
969
919
268
955
168
600
810
69
706
711
359
282
469
154
23
153
588
820
499
789
194
680
420
478
617
811
286
379
916
500
47
123
56
357
447
42
959
664
987
934
687
365
387
129
29
862
537
384
577
817
54
187
983
736
406
866
19
803
918
461
264
722
407
335
466
384
79
566
962
613
584
392
655
841
301
541
410
171
581
98
100
16
415
109
426
98
515
381
125
869
165
795
70
902
296
899
463
768
690
756
885
866
267
75
433
755
194
470
827
180
652
871
296
836
92
641
139
562
804
840
136
259
652
812
997
299
208
34
269
69
694
39
125
861
922
58
490
292
824
96
192
120
760
953
950
753
484
673
412
429
100
666
414
27
506
38
395
744
764
952
443
927
838
700
199
995
520
422
342
489
590
566
598
533
591
342
631
787
328
801
525
51
730
449
338
893
857
203
686
765
590
142
234
488
112
844
788
305
877
897
242
610
12
73
927
789
167
650
146
835
805
645
703
684
302
608
536
211
383
262
413
55
954
463
930
326
223
418
295
588
447
224
605
181
836
305
76
614
116
76
81
15
600
383
77
809
925
332
24
704
618
360
206
550
268
29
634
867
94
4
611
145
915
19
549
907
430
515
681
970
522
551
916
849
248
713
233
598
997
3
54
178
276
330
773
343
278
630
984
155
924
62
57
462
601
207
188
324
217
311
847
559
467
211
679
468
135
27
926
98
220
877
430
494
41
528
638
656
589
248
308
134
127
488
406
433
138
777
4
474
721
682
425
70
673
186
165
196
209
474
389
255
779
944
544
80
119
523
730
211
425
849
54
662
748
234
748
638
476
466
17
137
691
826
249
399
992
914
345
846
459
176
110
615
45
541
992
496
78
865
766
752
455
174
31
646
804
696
479
271
989
710
996
878
41
349
894
355
505
629
727
835
781
727
59
518
570
501
139
986
227
111
734
739
541
326
486
31
483
254
448
427
612
881
308
146
192
564
464
956
738
181
949
687
183
592
371
894
560
160
377
430
877
939
495
939
481
891
374
821
182
106
777
49
860
11
632
64
829
976
715
648
3
695
492
977
758
3
918
208
812
318
586
34
324
68
118
44
458
945
183
261
279
726
931
815
572
954
540
349
